1
2
3
2
2
5
2
2
2
1
8
2
9
4
10
3
2
17
2
1
9
19
11
9
25
16
1
17
7
27
7
24
31
26
35
32
26
12
14
29
13
34
29
42
44
33
2
3
5
38
18
34
3
39
18
43
52
26
34
57
24
62
59
64
44
29
55
44
17
32
66
6
18
5
54
16
11
32
28
80
64
35
61
61
24
41
69
25
60
81
15
17
22
25
92
50
55
25
17
80
64
85
70
22
78
72
7
34
101
55
39
33
88
49
34
62
55
38
92
22
71
96
27
80
103
51
122
127
7
29
82
58
83
25
18
33
72
107
75
73
20
29
42
15
24
20
42
134
92
100
120
8
111
38
140
110
61
114
101
74
104
14
19
135
162
101
141
52
155
55
3
30
23
111
102
155
68
163
37
157
168
167
55
107
37
81
131
110
168
175
186
122
10
153
67
162
9
16
20
1
124
156
82
191
92
116
44
117
54
31
183
32
188
65
50
1
9
107
157
89
112
78
83
61
127
15
92
85
84
27
143
42
68
172
48
55
35
87
215
189
169
111
75
156
74
59
82
243
166
134
178
234
229
245
126
22
14
89
160
133
84
186
23
30
10
110
75
267
222
123
208
242
244
142
176
44
75
89
98
10
57
154
283
259
248
101
185
92
66
190
34
124
249
163
215
39
255
244
200
56
249
133
87
301
13
146
196
126
188
105
137
101
300
201
219
207
87
267
103
33
319
313
73
245
47
217
119
130
174
280
114
168
274
302
176
41
190
316
202
107
292
106
281
161
4
312
105
108
301
55
1
53
199
66
265
160
214
232
165
108
147
305
106
50
329
85
77
98
230
88
182
227
359
151
248
282
1
2
93
295
143
163
293
165
12
385
25
275
1
299
370
380
82
299
118
298
302
252
82
86
206
349
326
207
393
274
368
180
112
336
28
242
136
130
206
294
192
156
259
66
318
367
195
392
230
338
349
155
265
377
273
114
192
26
275
183
99
312
55
440
20
427
349
384
87
246
212
220
301
327
323
94
156
72
82
19
186
222
45
397
62
68
250
306
460
444
250
198
363
173
163
424
313
204
382
297
87
404
148
412
96
444
360
456
203
293
258
300
94
369
58
463
316
276
405
157
229
139
421
